File Name                                          Lines of Code        Lines of Comments    Illegal Blocks
src/syncio.c                                       144                  58                  
src/util.c                                         580                  119                 [68, 127] [146, 169] [185, 216] [488, 514] [535, 562] 
src/zipmap.c                                       467                  147                 
src/config.h                                       195                  56                  [88, 107] [160, 179] 
src/zipmap.h                                       49                   33                  
src/t_hash.c                                       764                  85                  [118, 146] [224, 249] [262, 300] [373, 416] [418, 462] [466, 578] [582, 640] 
src/migrate.c                                      246                  46                  
src/ae_epoll.c                                     137                  37                  [49, 75] 
src/lzf.h                                          100                  84                  
src/ae.c                                           465                  112                 [49, 78] [119, 162] [164, 240] [285, 312] 
src/pqsort.c                                       186                  40                  [55, 166] 
src/fmacros.h                                      52                   32                  
src/bio.h                                          41                   32                  
src/intset.c                                       483                  67                  [55, 74] [126, 155] [174, 202] 
src/multi.c                                        323                  91                  [56, 78] [81, 103] 
src/lzf_d.c                                        150                  45                  [69, 93] 
src/adlist.h                                       93                   34                  [35, 55] 
src/rio.h                                          123                  46                  
src/networking.c                                   1492                 296                 [60, 114] [225, 253] [323, 348] [351, 377] [439, 469] [558, 606] [734, 765] [950, 969] [1076, 1140] [1182, 1281] [1296, 1315] [1391, 1413] 
src/redis-benchmark.c                              795                  105                 [30, 84] [102, 192] [196, 217] [224, 249] [259, 280] [406, 464] [466, 516] [537, 600] [606, 662] 
src/endianconv.h                                   64                   33                  
src/sds.c                                          882                  268                 [129, 148] [293, 315] [388, 417] [553, 577] [587, 608] [641, 669] [691, 716] 
src/version.h                                      1                    0                   
src/ae_kqueue.c                                    138                  29                  
src/rdb.c                                          1234                 199                 [32, 52] [56, 78] [141, 162] [228, 267] [325, 368] [430, 464] [487, 509] [511, 533] [535, 561] [563, 596] [630, 664] [699, 730] [973, 1032] [1062, 1106] 
src/sentinel.c                                     3166                 801                 [223, 291] [668, 688] [735, 774] [862, 894] [985, 1004] [1079, 1105] [1108, 1127] [1266, 1292] [1557, 1576] [1882, 1922] [1924, 1957] [1981, 2005] [2156, 2228] [2506, 2525] [2657, 2678] [2722, 2750] [2767, 2786] [2825, 2853] [2856, 2877] [2943, 2975] [2999, 3032] 
src/replication.c                                  1583                 424                 [126, 146] [230, 275] [580, 622] [629, 665] [806, 827] [968, 988] [1121, 1169] [1191, 1221] [1530, 1554] 
src/pubsub.c                                       358                  69                  [244, 266] [270, 312] [319, 339] 
src/redis-cli.c                                    1584                 168                 [30, 59] [62, 85] [101, 121] [154, 190] [216, 241] [243, 287] [320, 341] [349, 375] [415, 434] [436, 508] [541, 600] [602, 624] [640, 668] [672, 741] [743, 815] [817, 837] [839, 889] [971, 1012] [1030, 1055] [1086, 1112] [1230, 1249] [1253, 1287] [1308, 1356] [1400, 1434] [1475, 1531] 
src/debug.c                                        929                  131                 [147, 238] [254, 276] [278, 348] [350, 448] [471, 493] [497, 528] [530, 554] [558, 583] [585, 619] [670, 726] [836, 858] 
src/ae_select.c                                    105                  32                  
src/object.c                                       606                  88                  [43, 67] [81, 234] [254, 276] [342, 377] [392, 557] 
src/sha1.c                                         228                  46                  [83, 102] [132, 154] 
src/sha1.h                                         17                   6                   
src/crc64.h                                        8                    0                   
src/solarisfixes.h                                 50                   30                  [30, 49] 
src/dict.c                                         810                  201                 [269, 288] [486, 549] [568, 588] [661, 688] [693, 713] [715, 746] [748, 780] 
src/rdb.h                                          114                  56                  
src/testhelp.h                                     57                   37                  
src/setproctitle.c                                 261                  49                  [97, 126] [146, 208] [218, 256] 
src/rand.c                                         93                   42                  
src/redis.c                                        2990                 635                 [29, 53] [116, 258] [272, 293] [316, 338] [372, 396] [412, 482] [1058, 1079] [1171, 1292] [1294, 1330] [1414, 1453] [1529, 1553] [1603, 1630] [1651, 1686] [2082, 2106] [2158, 2208] [2224, 2251] [2253, 2314] [2337, 2370] [2372, 2421] [2424, 2481] [2514, 2546] [2578, 2597] [2716, 2736] [2757, 2821] [2855, 2890] 
src/redis-check-dump.c                             768                  108                 [155, 176] [253, 282] [284, 312] [330, 406] [408, 480] [491, 515] [532, 581] [609, 628] [710, 738] 
src/util.h                                         45                   28                  
src/crc64.c                                        191                  39                  [39, 182] 
src/zmalloc.c                                      351                  55                  [58, 177] [187, 244] [254, 277] [279, 313] 
src/t_set.c                                        913                  189                 [71, 133] [196, 217] [235, 310] [351, 397] [546, 586] [589, 626] [686, 706] [709, 763] 
src/asciilogo.h                                    47                   28                  
src/t_zset.c                                       2205                 282                 [51, 95] [164, 183] [322, 349] [406, 433] [437, 458] [747, 793] [812, 835] [866, 888] [910, 932] [965, 1014] [1020, 1048] [1050, 1100] [1126, 1147] [1195, 1247] [1260, 1294] [1348, 1375] [1377, 1414] [1417, 1447] [1449, 1480] [1547, 1585] [1688, 1737] [1754, 1793] [1795, 1825] [1996, 2026] [2086, 2185] 
src/release.c                                      52                   31                  
src/db.c                                           735                  141                 [50, 86] [161, 187] [228, 355] [389, 416] [585, 620] [628, 663] [667, 724] 
src/anet.h                                         62                   29                  
src/dict.h                                         173                  48                  [45, 65] [97, 138] [140, 167] 
src/memtest.c                                      279                  50                  [29, 56] [122, 145] [154, 246] 
src/ziplist.c                                      1535                 278                 [226, 249] [345, 367] [375, 405] [677, 698] [897, 1005] [1007, 1090] [1092, 1355] [1357, 1390] [1392, 1457] [1470, 1489] 
src/pqsort.h                                       40                   31                  
src/rand.h                                         38                   28                  
src/sort.c                                         541                  142                 [316, 339] [354, 374] [459, 478] 
src/ae_evport.c                                    320                  107                 [73, 97] [99, 119] [123, 158] [174, 195] 
src/slowlog.c                                      169                  60                  [65, 86] 
src/notify.c                                       128                  49                  [40, 62] 
src/slowlog.h                                      47                   34                  
src/zmalloc.h                                      85                   31                  [35, 84] 
src/endianconv.c                                   124                  48                  
src/ae.h                                           120                  48                  
src/rio.c                                          202                  79                  
src/config.c                                       1742                 218                 [30, 52] [61, 94] [113, 176] [179, 394] [401, 464] [467, 490] [531, 567] [569, 664] [685, 755] [783, 857] [867, 900] [910, 949] [969, 994] [1009, 1037] [1039, 1100] [1333, 1355] [1435, 1460] [1612, 1683] 
src/aof.c                                          1177                 271                 [131, 152] [273, 293] [314, 346] [368, 387] [510, 532] [561, 582] [603, 657] [660, 704] [707, 773] [780, 803] [806, 831] [850, 870] [1004, 1025] [1152, 1173] 
src/redis.h                                        1357                 514                 [29, 53] [99, 121] [485, 504] [510, 538] [800, 820] [890, 943] [972, 1009] [1070, 1097] [1149, 1170] [1195, 1338] 
src/bitops.c                                       412                  81                  [68, 89] [162, 187] [271, 322] [324, 345] 
src/scripting.c                                    1065                 249                 [29, 48] [67, 159] [266, 285] [383, 421] [423, 447] [453, 483] [509, 533] [563, 582] [679, 709] [713, 738] [740, 759] [782, 805] 
src/redis-check-aof.c                              218                  31                  [30, 87] [89, 132] 
src/lzfP.h                                         159                  85                  
src/lzf_c.c                                        295                  81                  [69, 88] [175, 210] [226, 261] 
src/adlist.c                                       341                  98                  [80, 99] [106, 154] [242, 275] [285, 307] 
src/intset.h                                       50                   30                  [30, 49] 
src/t_list.c                                       1149                 211                 [55, 91] [93, 123] [150, 176] [178, 209] [212, 232] [254, 279] [296, 345] [375, 540] [577, 601] [620, 659] [661, 681] [1036, 1056] [1111, 1131] 
src/bio.c                                          220                  94                  [116, 144] 
src/help.h                                         759                  1                   
src/sds.h                                          100                  30                  [30, 93] 
src/anet.c                                         521                  61                  [30, 63] [115, 172] [250, 309] [327, 346] [350, 370] 
src/t_string.c                                     459                  70                  [67, 92] [94, 186] [218, 257] [267, 298] [301, 404] 
src/ziplist.h                                      46                   29                  
