File Name                                          Lines of Code        Lines of Comments    Illegal Blocks
src/syncio.c                                       154                  43                  [40, 102] 
src/util.c                                         507                  73                  [39, 98] [117, 140] [156, 187] [415, 441] [462, 489] 
src/zipmap.c                                       467                  147                 
src/config.h                                       48                   6                   
src/zipmap.h                                       49                   33                  
src/t_hash.c                                       490                  58                  [150, 174] [220, 268] [272, 385] 
src/ae_epoll.c                                     93                   11                  
src/lzf.h                                          100                  84                  
src/ae.c                                           397                  94                  [47, 71] [74, 112] [114, 190] [221, 244] 
src/pqsort.c                                       197                  41                  [55, 155] [157, 177] 
src/fmacros.h                                      15                   0                   
src/bio.h                                          11                   4                   
src/intset.c                                       445                  38                  [25, 44] [94, 123] [142, 168] 
src/multi.c                                        273                  52                  [27, 64] [67, 87] 
src/lzf_d.c                                        150                  45                  [69, 93] 
src/adlist.h                                       92                   34                  [35, 55] 
src/networking.c                                   1139                 158                 [10, 71] [166, 193] [251, 298] [343, 365] [448, 494] [702, 721] [828, 849] [905, 971] [973, 1076] 
src/redis-benchmark.c                              676                  62                  [30, 80] [94, 178] [182, 217] [227, 265] [298, 356] [358, 408] [425, 483] [489, 543] 
src/sds.c                                          669                  87                  [36, 125] [139, 295] [361, 395] [397, 430] [440, 461] [487, 515] [537, 562] 
src/version.h                                      1                    0                   
src/ae_kqueue.c                                    93                   3                   
src/rdb.c                                          1082                 172                 [64, 84] [120, 140] [258, 280] [282, 304] [306, 332] [334, 362] [405, 424] [481, 507] [531, 551] [606, 668] [835, 857] [869, 903] [925, 966] 
src/replication.c                                  664                  109                 [25, 77] [165, 189] [194, 235] [288, 339] [514, 557] [560, 588] 
src/pubsub.c                                       267                  35                  [199, 221] 
src/redis-cli.c                                    1165                 114                 [30, 74] [89, 108] [141, 177] [203, 228] [230, 274] [307, 328] [330, 356] [396, 415] [417, 489] [499, 549] [551, 573] [591, 701] [703, 723] [725, 772] [803, 840] [991, 1035] [1052, 1129] 
src/debug.c                                        386                  40                  [115, 206] [210, 237] [239, 286] 
src/ae_select.c                                    72                   5                   
src/object.c                                       512                  62                  [24, 84] [88, 181] [204, 238] [310, 332] [337, 462] 
src/sha1.c                                         276                  57                  [131, 150] [180, 203] 
src/sha1.h                                         17                   6                   
src/solarisfixes.h                                 22                   2                   [2, 21] 
src/dict.c                                         721                  166                 [214, 233] [397, 460] [479, 499] [573, 610] [612, 653] [659, 691] 
src/testhelp.h                                     54                   35                  
src/redis.c                                        1977                 328                 [38, 57] [72, 198] [200, 227] [244, 268] [283, 353] [492, 515] [753, 818] [901, 937] [939, 993] [1215, 1235] [1260, 1381] [1383, 1488] [1490, 1529] [1562, 1581] [1698, 1718] [1739, 1837] [1842, 1871] [1912, 1932] 
src/redis-check-dump.c                             691                  74                  [111, 132] [207, 236] [238, 266] [284, 360] [362, 433] [444, 468] [484, 533] [549, 571] [633, 661] 
src/util.h                                         15                   0                   
src/endian.c                                       63                   6                   
src/zmalloc.c                                      287                  51                  [49, 152] [162, 205] [215, 238] [240, 274] 
src/t_set.c                                        617                  92                  [40, 102] [165, 186] [204, 271] [308, 350] [352, 414] [474, 494] [497, 545] 
src/t_zset.c                                       2069                 244                 [25, 81] [131, 150] [295, 322] [379, 406] [410, 431] [720, 766] [785, 808] [843, 866] [892, 916] [954, 995] [1001, 1025] [1027, 1065] [1149, 1201] [1214, 1248] [1302, 1329] [1331, 1368] [1371, 1401] [1403, 1434] [1498, 1536] [1639, 1683] [1700, 1739] [1741, 1771] [1936, 2049] 
src/release.c                                      13                   3                   
src/db.c                                           607                  100                 [37, 74] [217, 360] [379, 402] 
src/vm.c                                           1159                 270                 [279, 306] [364, 458] [514, 538] [693, 717] [852, 872] [916, 943] [992, 1013] [1045, 1066] 
src/anet.h                                         58                   29                  
src/dict.h                                         156                  48                  [91, 125] [127, 150] 
src/memtest.c                                      225                  20                  [1, 26] [94, 117] 
src/ziplist.c                                      1324                 210                 [138, 165] [273, 293] [295, 316] [584, 605] [740, 848] [850, 916] [918, 1181] [1183, 1246] [1259, 1278] 
src/pqsort.h                                       15                   6                   
src/sort.c                                         398                  76                  [221, 261] [323, 342] 
src/slowlog.c                                      138                  30                  [34, 55] 
src/slowlog.h                                      18                   6                   
src/zmalloc.h                                      82                   31                  [35, 81] 
src/ae.h                                           118                  46                  
src/config.c                                       766                  24                  [6, 25] [28, 51] [63, 113] [116, 314] [321, 366] [370, 456] [477, 547] [549, 602] [604, 637] [639, 732] 
src/aof.c                                          877                  174                 [150, 187] [318, 340] [380, 401] [468, 506] [508, 529] [531, 582] [584, 614] [706, 727] [760, 784] 
src/redis.h                                        1091                 320                 [1, 21] [367, 386] [576, 595] [597, 617] [694, 739] [766, 797] [867, 892] [935, 955] 
src/redis-check-aof.c                              188                  2                   [1, 57] [59, 102] 
src/lzfP.h                                         159                  85                  
src/lzf_c.c                                        295                  81                  [69, 88] [175, 210] [226, 261] 
src/adlist.c                                       325                  95                  [80, 99] [106, 154] [242, 275] [285, 307] 
src/intset.h                                       20                   1                   
src/t_list.c                                       1001                 161                 [19, 55] [57, 87] [114, 140] [142, 173] [176, 196] [218, 243] [260, 310] [342, 489] [526, 550] [569, 600] [602, 622] [869, 899] [961, 982] 
src/endian.h                                       20                   2                   
src/bio.c                                          208                  76                  [85, 116] 
src/help.h                                         638                  1                   
src/sds.h                                          92                   29                  
src/anet.c                                         360                  39                  [30, 63] [67, 134] [137, 228] 
src/t_string.c                                     425                  26                  [17, 84] [86, 109] [142, 190] [222, 259] [269, 300] [303, 385] 
src/ziplist.h                                      15                   0                   
