File Name                                          Lines of Code        Lines of Comments    Illegal Blocks
src/syncio.c                                       144                  58                  
src/util.c                                         520                  99                  [68, 127] [146, 169] [185, 216] [428, 454] [475, 502] 
src/zipmap.c                                       467                  147                 
src/config.h                                       179                  53                  [86, 105] [144, 163] 
src/zipmap.h                                       49                   33                  
src/t_hash.c                                       754                  85                  [118, 146] [224, 249] [262, 300] [373, 416] [418, 462] [466, 573] [577, 635] 
src/migrate.c                                      247                  46                  
src/ae_epoll.c                                     130                  37                  [49, 68] 
src/lzf.h                                          100                  84                  
src/ae.c                                           435                  102                 [49, 78] [81, 132] [134, 210] [255, 282] 
src/pqsort.c                                       197                  41                  [55, 155] [157, 177] 
src/fmacros.h                                      48                   28                  
src/bio.h                                          40                   32                  
src/intset.c                                       483                  67                  [55, 74] [126, 155] [174, 202] 
src/multi.c                                        323                  91                  [56, 78] [81, 103] 
src/lzf_d.c                                        150                  45                  [69, 93] 
src/adlist.h                                       93                   34                  [35, 55] 
src/rio.h                                          104                  44                  
src/networking.c                                   1413                 267                 [59, 110] [219, 247] [317, 342] [345, 371] [427, 454] [539, 587] [684, 711] [908, 927] [1034, 1097] [1102, 1202] [1217, 1236] [1312, 1334] 
src/redis-benchmark.c                              793                  105                 [30, 83] [101, 191] [195, 216] [223, 248] [258, 279] [405, 463] [465, 515] [536, 599] [605, 660] 
src/endianconv.h                                   64                   33                  
src/sds.c                                          732                  128                 [30, 87] [94, 113] [176, 328] [378, 405] [407, 440] [450, 471] [504, 532] [554, 579] 
src/version.h                                      1                    0                   
src/ae_kqueue.c                                    132                  29                  
src/rdb.c                                          1230                 198                 [32, 52] [56, 78] [141, 162] [228, 267] [325, 368] [430, 464] [487, 509] [511, 533] [535, 561] [563, 596] [630, 664] [699, 730] [974, 1033] [1057, 1096] 
src/sentinel.c                                     3160                 798                 [223, 291] [668, 688] [735, 774] [860, 892] [981, 1000] [1075, 1101] [1104, 1123] [1262, 1288] [1553, 1572] [1876, 1916] [1918, 1951] [1975, 1999] [2150, 2222] [2500, 2519] [2651, 2672] [2716, 2744] [2761, 2780] [2819, 2847] [2850, 2871] [2937, 2969] [2993, 3026] 
src/replication.c                                  834                  171                 [57, 117] [208, 232] [237, 277] [284, 335] [453, 474] [645, 693] [715, 744] 
src/pubsub.c                                       310                  65                  [244, 266] 
src/redis-cli.c                                    1555                 160                 [30, 59] [61, 83] [99, 118] [151, 187] [213, 238] [240, 284] [317, 338] [346, 372] [412, 431] [433, 505] [538, 597] [599, 621] [637, 665] [669, 736] [738, 807] [809, 829] [831, 881] [963, 1004] [1022, 1047] [1078, 1104] [1214, 1259] [1280, 1328] [1372, 1406] [1447, 1502] 
src/debug.c                                        824                  119                 [145, 236] [252, 274] [276, 343] [345, 443] [466, 485] [489, 520] [522, 546] [550, 575] [577, 611] [661, 688] [731, 753] 
src/ae_select.c                                    99                   31                  
src/object.c                                       575                  84                  [43, 67] [81, 236] [249, 271] [338, 360] [365, 526] 
src/sha1.c                                         228                  46                  [83, 102] [132, 154] 
src/sha1.h                                         17                   6                   
src/solarisfixes.h                                 50                   30                  [30, 49] 
src/dict.c                                         811                  201                 [269, 288] [486, 549] [568, 588] [662, 689] [694, 714] [716, 747] [749, 781] 
src/rdb.h                                          114                  56                  
src/testhelp.h                                     57                   37                  
src/rand.c                                         93                   42                  
src/redis.c                                        2802                 597                 [29, 52] [115, 255] [268, 290] [313, 335] [369, 393] [409, 479] [1041, 1062] [1154, 1244] [1264, 1296] [1375, 1431] [1433, 1460] [1463, 1501] [1519, 1547] [1568, 1603] [1954, 1978] [2030, 2076] [2092, 2119] [2121, 2182] [2205, 2232] [2234, 2312] [2345, 2377] [2410, 2429] [2546, 2566] [2587, 2650] [2684, 2708] 
src/redis-check-dump.c                             770                  109                 [157, 178] [255, 284] [286, 314] [332, 408] [410, 482] [493, 517] [534, 583] [611, 630] [712, 740] 
src/util.h                                         41                   28                  
src/crc64.c                                        191                  39                  [39, 182] 
src/zmalloc.c                                      351                  55                  [58, 177] [187, 244] [254, 277] [279, 313] 
src/t_set.c                                        802                  155                 [71, 133] [196, 217] [235, 302] [339, 381] [527, 599] [659, 679] [682, 730] 
src/asciilogo.h                                    47                   28                  
src/t_zset.c                                       2181                 284                 [51, 95] [164, 183] [322, 349] [406, 433] [437, 458] [747, 793] [812, 835] [870, 893] [919, 943] [981, 1022] [1028, 1052] [1054, 1092] [1176, 1228] [1241, 1275] [1329, 1356] [1358, 1395] [1398, 1428] [1430, 1461] [1528, 1566] [1669, 1713] [1730, 1769] [1771, 1801] [1972, 2002] [2062, 2161] 
src/release.c                                      42                   31                  
src/db.c                                           712                  133                 [50, 86] [161, 187] [228, 361] [380, 403] [486, 505] [571, 640] [644, 701] 
src/anet.h                                         60                   29                  
src/dict.h                                         173                  48                  [45, 65] [97, 138] [140, 167] 
src/memtest.c                                      252                  48                  [29, 55] [121, 144] 
src/ziplist.c                                      1534                 278                 [226, 249] [345, 367] [375, 405] [677, 698] [897, 1005] [1007, 1089] [1091, 1354] [1356, 1389] [1391, 1456] [1469, 1488] 
src/pqsort.h                                       40                   31                  
src/rand.h                                         38                   28                  
src/sort.c                                         529                  140                 [306, 329] [344, 364] [448, 467] 
src/ae_evport.c                                    315                  106                 [73, 114] [118, 153] [169, 190] 
src/slowlog.c                                      169                  60                  [65, 86] 
src/slowlog.h                                      47                   34                  
src/zmalloc.h                                      85                   31                  [35, 84] 
src/endianconv.c                                   124                  48                  
src/ae.h                                           118                  48                  
src/rio.c                                          199                  75                  
src/config.c                                       1008                 72                  [37, 70] [89, 148] [151, 360] [367, 412] [415, 438] [479, 583] [604, 674] [702, 760] [762, 799] [810, 845] [865, 890] [905, 933] 
src/aof.c                                          1176                 271                 [131, 152] [273, 293] [314, 346] [368, 387] [510, 532] [561, 582] [603, 657] [660, 704] [707, 773] [780, 803] [806, 831] [850, 870] [1003, 1024] [1151, 1172] 
src/redis.h                                        1231                 450                 [29, 53] [425, 444] [450, 476] [705, 725] [792, 842] [871, 906] [959, 978] [1025, 1046] [1070, 1212] 
src/bitops.c                                       409                  81                  [68, 89] [161, 186] [270, 321] [323, 344] 
src/scripting.c                                    1021                 239                 [29, 48] [67, 160] [255, 274] [372, 410] [412, 436] [442, 472] [498, 522] [552, 571] [648, 678] [682, 707] [709, 728] [751, 774] 
src/redis-check-aof.c                              218                  31                  [30, 87] [89, 132] 
src/lzfP.h                                         159                  85                  
src/lzf_c.c                                        295                  81                  [69, 88] [175, 210] [226, 261] 
src/adlist.c                                       341                  98                  [80, 99] [106, 154] [242, 275] [285, 307] 
src/intset.h                                       50                   30                  [30, 49] 
src/t_list.c                                       1116                 213                 [55, 91] [93, 123] [150, 176] [178, 209] [212, 232] [254, 279] [296, 340] [372, 525] [562, 586] [605, 639] [641, 661] [1010, 1030] [1078, 1098] 
src/bio.c                                          247                  107                 [115, 144] 
src/help.h                                         759                  1                   
src/sds.h                                          99                   30                  [30, 92] 
src/anet.c                                         441                  53                  [30, 63] [115, 191] [194, 285] [303, 322] 
src/t_string.c                                     449                  70                  [67, 89] [91, 182] [214, 251] [261, 292] [295, 395] 
src/ziplist.h                                      46                   29                  
