File Name                                          Lines of Code        Lines of Comments    Illegal Blocks
src/syncio.c                                       144                  58                  
src/util.c                                         491                  71                  [39, 98] [117, 140] [156, 187] [399, 425] [446, 473] 
src/zipmap.c                                       467                  147                 
src/config.h                                       123                  21                  
src/zipmap.h                                       49                   33                  
src/t_hash.c                                       725                  57                  [89, 117] [195, 220] [233, 271] [344, 387] [389, 433] [437, 544] [548, 606] 
src/ae_epoll.c                                     103                  11                  [22, 41] 
src/lzf.h                                          100                  84                  
src/ae.c                                           411                  94                  [47, 75] [78, 126] [128, 204] [235, 258] 
src/pqsort.c                                       197                  41                  [55, 155] [157, 177] 
src/fmacros.h                                      19                   0                   
src/bio.h                                          11                   4                   
src/intset.c                                       453                  38                  [25, 44] [96, 125] [144, 172] 
src/multi.c                                        276                  52                  [27, 67] [70, 90] 
src/lzf_d.c                                        150                  45                  [69, 93] 
src/adlist.h                                       93                   34                  [35, 55] 
src/rio.h                                          69                   12                  
src/networking.c                                   1351                 233                 [30, 79] [135, 155] [193, 223] [295, 320] [323, 349] [406, 433] [516, 563] [658, 685] [884, 903] [1010, 1073] [1075, 1174] [1250, 1272] 
src/redis-benchmark.c                              678                  63                  [30, 80] [94, 178] [182, 217] [227, 265] [300, 358] [360, 410] [427, 485] [491, 545] 
src/endianconv.h                                   63                   33                  
src/sds.c                                          729                  120                 [30, 87] [94, 113] [176, 328] [378, 405] [407, 440] [450, 471] [497, 525] [547, 572] [574, 597] 
src/version.h                                      1                    0                   
src/ae_kqueue.c                                    105                  3                   
src/rdb.c                                          1188                 168                 [3, 23] [27, 49] [112, 133] [199, 238] [296, 339] [401, 435] [458, 480] [482, 504] [506, 532] [534, 567] [601, 635] [670, 700] [934, 993] [1015, 1057] 
src/sentinel.c                                     3032                 749                 [221, 289] [665, 685] [732, 771] [857, 888] [976, 995] [1070, 1096] [1099, 1118] [1239, 1265] [1774, 1813] [1815, 1848] [1872, 1896] [2039, 2111] [2389, 2408] [2540, 2564] [2604, 2632] [2649, 2668] [2707, 2735] [2738, 2759] [2804, 2841] [2865, 2898] 
src/replication.c                                  774                  131                 [26, 84] [172, 196] [201, 241] [248, 299] [416, 437] [603, 649] [652, 683] 
src/pubsub.c                                       268                  35                  [199, 221] 
src/redis-cli.c                                    1261                 128                 [30, 76] [92, 111] [144, 180] [206, 231] [233, 277] [310, 331] [333, 359] [399, 418] [420, 492] [525, 584] [586, 608] [626, 744] [746, 766] [768, 817] [895, 930] [1081, 1125] [1142, 1221] 
src/debug.c                                        785                  91                  [116, 207] [223, 245] [247, 309] [311, 404] [427, 446] [450, 481] [483, 507] [511, 536] [538, 572] [622, 649] [692, 714] 
src/ae_select.c                                    72                   5                   
src/object.c                                       620                  75                  [26, 46] [50, 74] [107, 267] [280, 302] [379, 401] [411, 571] 
src/sha1.c                                         228                  46                  [83, 102] [132, 155] 
src/sha1.h                                         17                   6                   
src/solarisfixes.h                                 22                   2                   [2, 21] 
src/dict.c                                         767                  186                 [225, 244] [442, 505] [524, 544] [618, 645] [650, 670] [672, 703] [705, 737] 
src/rdb.h                                          88                   29                  
src/testhelp.h                                     55                   35                  
src/rand.c                                         93                   42                  
src/redis.c                                        2642                 518                 [29, 52] [114, 256] [269, 291] [314, 336] [370, 394] [409, 479] [655, 674] [1013, 1098] [1118, 1150] [1227, 1283] [1285, 1348] [1367, 1410] [1412, 1447] [1585, 1606] [1794, 1818] [1870, 1915] [1931, 1958] [1960, 2021] [2044, 2071] [2073, 2148] [2190, 2221] [2254, 2273] [2390, 2410] [2431, 2495] [2529, 2553] 
src/redis-check-dump.c                             725                  77                  [115, 136] [211, 240] [242, 270] [288, 364] [366, 438] [449, 473] [489, 538] [566, 585] [667, 695] 
src/util.h                                         12                   0                   
src/crc64.c                                        191                  39                  [39, 182] 
src/zmalloc.c                                      326                  55                  [58, 177] [187, 244] [254, 277] [279, 313] 
src/t_set.c                                        768                  127                 [42, 104] [167, 188] [206, 273] [310, 352] [493, 565] [625, 645] [648, 696] 
src/asciilogo.h                                    18                   0                   
src/t_zset.c                                       2155                 255                 [25, 66] [135, 154] [293, 320] [377, 404] [408, 429] [718, 764] [783, 806] [841, 864] [890, 914] [952, 993] [999, 1023] [1025, 1063] [1147, 1199] [1212, 1246] [1300, 1327] [1329, 1366] [1369, 1399] [1401, 1432] [1499, 1537] [1621, 1640] [1642, 1686] [1703, 1742] [1744, 1774] [1945, 1975] [2035, 2135] 
src/crc16.c                                        87                   41                  
src/release.c                                      13                   3                   
src/cluster.c                                      1819                 340                 [56, 76] [114, 141] [159, 195] [233, 259] [289, 324] [326, 350] [396, 422] [513, 532] [626, 646] [651, 670] [900, 920] [1109, 1131] [1199, 1238] [1277, 1301] [1321, 1349] [1384, 1460] [1682, 1704] 
src/db.c                                           726                  107                 [21, 57] [133, 160] [201, 338] [357, 385] [468, 487] [553, 622] [626, 683] 
src/anet.h                                         58                   29                  
src/dict.h                                         173                  48                  [45, 65] [97, 138] [140, 167] 
src/memtest.c                                      225                  20                  [1, 26] [94, 117] 
src/ziplist.c                                      1504                 248                 [196, 219] [315, 337] [345, 375] [647, 668] [867, 975] [977, 1059] [1061, 1324] [1326, 1359] [1361, 1426] [1439, 1458] 
src/pqsort.h                                       15                   6                   
src/rand.h                                         9                    0                   
src/sort.c                                         430                  86                  [238, 278] [349, 368] 
src/ae_evport.c                                    289                  81                  [47, 88] [92, 127] [143, 164] 
src/slowlog.c                                      138                  30                  [34, 55] 
src/slowlog.h                                      18                   6                   
src/zmalloc.h                                      84                   31                  [35, 83] 
src/endianconv.c                                   124                  48                  
src/ae.h                                           117                  47                  
src/rio.c                                          137                  35                  
src/config.c                                       924                  42                  [6, 39] [48, 102] [105, 300] [307, 359] [362, 385] [426, 510] [531, 601] [629, 682] [684, 721] [732, 765] [781, 806] [821, 849] 
src/aof.c                                          1136                 243                 [102, 123] [244, 264] [285, 317] [339, 358] [480, 502] [531, 552] [573, 627] [630, 674] [677, 743] [750, 773] [776, 801] [963, 984] [1111, 1132] 
src/redis.h                                        1328                 480                 [1, 24] [384, 403] [409, 435] [789, 809] [876, 926] [954, 992] [1110, 1131] [1165, 1309] 
src/bitops.c                                       379                  52                  [38, 59] [131, 156] [240, 291] [293, 314] 
src/scripting.c                                    954                  201                 [38, 131] [318, 352] [354, 378] [384, 414] [440, 464] [494, 513] [582, 612] [616, 641] [643, 662] [685, 708] 
src/redis-check-aof.c                              188                  2                   [1, 57] [59, 102] 
src/lzfP.h                                         159                  85                  
src/lzf_c.c                                        295                  81                  [69, 88] [175, 210] [226, 261] 
src/adlist.c                                       341                  98                  [80, 99] [106, 154] [242, 275] [285, 307] 
src/intset.h                                       20                   1                   
src/t_list.c                                       1087                 185                 [26, 62] [64, 94] [121, 147] [149, 180] [183, 203] [225, 250] [267, 311] [343, 496] [533, 557] [576, 610] [612, 632] [981, 1001] [1049, 1069] 
src/bio.c                                          217                  78                  [85, 114] 
src/help.h                                         724                  1                   
src/sds.h                                          100                  30                  [30, 93] 
src/anet.c                                         384                  41                  [30, 63] [67, 134] [137, 228] [246, 265] 
src/t_string.c                                     366                  24                  [18, 99] [131, 168] [178, 209] [212, 312] 
src/ziplist.h                                      16                   0                   
