File Name                                          Lines of Code        Lines of Comments    Illegal Blocks
src/syncio.c                                       154                  43                  [40, 102] 
src/util.c                                         255                  32                  [31, 90] [109, 132] [148, 179] [222, 245] 
src/zipmap.c                                       455                  144                 
src/config.h                                       64                   10                  
src/zipmap.h                                       48                   33                  
src/t_hash.c                                       476                  58                  [150, 174] [220, 268] [272, 379] 
src/ae_epoll.c                                     91                   11                  
src/lzf.h                                          100                  84                  
src/ae.c                                           390                  94                  [45, 69] [72, 110] [112, 181] [212, 235] 
src/pqsort.c                                       197                  41                  [55, 155] [157, 177] 
src/fmacros.h                                      15                   0                   
src/intset.c                                       422                  37                  [76, 105] [124, 150] 
src/multi.c                                        273                  52                  [27, 64] [67, 87] 
src/lzf_d.c                                        150                  45                  [69, 93] 
src/adlist.h                                       92                   34                  [35, 55] 
src/networking.c                                   900                  131                 [1, 60] [150, 171] [224, 271] [404, 453] [645, 664] [740, 762] [823, 879] 
src/redis-benchmark.c                              530                  45                  [30, 77] [90, 173] [177, 205] [207, 248] [275, 408] [410, 447] 
src/sds.c                                          639                  82                  [36, 124] [138, 290] [351, 385] [387, 420] [430, 451] [476, 504] [510, 532] 
src/version.h                                      1                    0                   
src/ae_kqueue.c                                    93                   3                   
src/rdb.c                                          1020                 158                 [64, 84] [120, 140] [258, 297] [299, 328] [349, 387] [416, 435] [489, 513] [536, 556] [611, 673] [827, 847] [869, 905] 
src/replication.c                                  557                  74                  [18, 40] [53, 115] [166, 188] [193, 234] [241, 292] [455, 496] 
src/pubsub.c                                       267                  35                  [199, 221] 
src/redis-cli.c                                    816                  80                  [30, 64] [79, 98] [124, 160] [186, 211] [213, 257] [290, 311] [313, 339] [379, 398] [400, 435] [445, 488] [490, 512] [530, 637] [639, 659] [661, 707] [738, 798] 
src/debug.c                                        320                  39                  [115, 171] [175, 250] 
src/ae_select.c                                    72                   5                   
src/object.c                                       484                  63                  [24, 84] [88, 165] [283, 305] [310, 435] 
src/sha1.c                                         276                  57                  [131, 150] [180, 203] 
src/sha1.h                                         17                   6                   
src/solarisfixes.h                                 22                   2                   [2, 21] 
src/dict.c                                         721                  166                 [214, 233] [397, 460] [479, 499] [573, 610] [612, 653] [659, 691] 
src/testhelp.h                                     54                   35                  
src/redis.c                                        1693                 286                 [37, 56] [71, 195] [197, 224] [241, 265] [280, 350] [488, 526] [706, 771] [838, 870] [872, 929] [1173, 1337] [1339, 1378] [1493, 1513] [1534, 1612] 
src/redis-check-dump.c                             681                  74                  [107, 128] [202, 231] [233, 261] [279, 355] [357, 424] [435, 459] [475, 524] [540, 562] [623, 651] 
src/zmalloc.c                                      268                  46                  [49, 186] [196, 219] [221, 255] 
src/t_set.c                                        610                  92                  [40, 102] [165, 186] [204, 264] [301, 343] [345, 407] [467, 487] [490, 538] 
src/t_zset.c                                       1084                 151                 [25, 80] [130, 149] [218, 245] [318, 346] [429, 470] [492, 524] [540, 568] [609, 629] [635, 670] [764, 819] 
src/release.c                                      13                   3                   
src/db.c                                           566                  85                  [37, 69] [186, 324] [326, 362] 
src/vm.c                                           1149                 270                 [279, 306] [364, 448] [504, 528] [683, 707] [842, 862] [906, 933] [982, 1003] [1035, 1056] 
src/anet.h                                         57                   29                  
src/dict.h                                         156                  48                  [91, 125] [127, 150] 
src/ziplist.c                                      1323                 209                 [138, 165] [583, 604] [739, 847] [849, 915] [917, 1180] [1182, 1245] [1258, 1277] 
src/pqsort.h                                       15                   6                   
src/sort.c                                         389                  65                  [208, 248] [310, 329] 
src/slowlog.c                                      115                  26                  
src/slowlog.h                                      15                   6                   
src/zmalloc.h                                      44                   30                  
src/ae.h                                           117                  46                  
src/config.c                                       663                  23                  [6, 25] [28, 51] [63, 107] [110, 280] [287, 330] [334, 414] [435, 483] [485, 538] [540, 573] 
src/aof.c                                          682                  113                 [100, 121] [250, 270] [310, 329] [396, 434] [436, 457] [478, 508] [596, 616] 
src/redis.h                                        1030                 299                 [1, 21] [340, 360] [525, 544] [546, 566] [643, 682] [709, 738] [802, 827] 
src/redis-check-aof.c                              185                  2                   [1, 57] [59, 101] 
src/lzfP.h                                         159                  85                  
src/lzf_c.c                                        295                  81                  [69, 88] [175, 210] [226, 261] 
src/adlist.c                                       325                  95                  [80, 99] [106, 154] [242, 275] [285, 307] 
src/intset.h                                       19                   1                   
src/t_list.c                                       996                  161                 [19, 55] [57, 87] [114, 140] [142, 173] [176, 196] [218, 243] [260, 305] [337, 484] [521, 545] [564, 595] [597, 617] [864, 894] [956, 977] 
src/help.h                                         638                  1                   
src/sds.h                                          78                   29                  
src/anet.c                                         347                  39                  [30, 62] [66, 133] [136, 227] 
src/t_string.c                                     438                  27                  [29, 98] [100, 123] [156, 204] [236, 273] [283, 314] [317, 398] 
src/ziplist.h                                      15                   0                   
