File Name                                          Lines of Code        Lines of Comments    Illegal Blocks
src/syncio.c                                       144                  58                  
src/util.c                                         520                  99                  [68, 127] [146, 169] [185, 216] [428, 454] [475, 502] 
src/zipmap.c                                       467                  147                 
src/config.h                                       195                  56                  [88, 107] [160, 179] 
src/zipmap.h                                       49                   33                  
src/t_hash.c                                       761                  85                  [118, 146] [224, 249] [262, 300] [373, 413] [415, 459] [463, 575] [579, 637] 
src/ae_epoll.c                                     130                  37                  [49, 68] 
src/lzf.h                                          100                  84                  
src/ae.c                                           435                  102                 [49, 78] [81, 132] [134, 210] [255, 282] 
src/pqsort.c                                       197                  41                  [55, 155] [157, 177] 
src/fmacros.h                                      48                   28                  
src/bio.h                                          41                   32                  
src/intset.c                                       483                  67                  [55, 74] [126, 155] [174, 202] 
src/multi.c                                        352                  94                  [58, 80] [83, 105] [301, 326] 
src/lzf_d.c                                        150                  45                  [69, 93] 
src/adlist.h                                       93                   34                  [35, 55] 
src/rio.h                                          104                  44                  
src/networking.c                                   1443                 277                 [59, 113] [224, 252] [322, 347] [350, 376] [432, 459] [544, 592] [719, 750] [937, 956] [1063, 1127] [1132, 1232] [1247, 1266] [1342, 1364] 
src/redis-benchmark.c                              683                  63                  [30, 81] [95, 179] [183, 221] [231, 269] [304, 362] [364, 414] [431, 489] [495, 550] 
src/endianconv.h                                   64                   33                  
src/sds.c                                          732                  128                 [30, 87] [94, 113] [176, 328] [378, 405] [407, 440] [450, 471] [504, 532] [554, 579] 
src/version.h                                      1                    0                   
src/ae_kqueue.c                                    132                  29                  
src/rdb.c                                          1230                 198                 [32, 52] [56, 78] [141, 162] [228, 267] [325, 368] [430, 464] [487, 509] [511, 533] [535, 561] [563, 596] [630, 664] [699, 730] [974, 1033] [1057, 1096] 
src/sentinel.c                                     3147                 792                 [223, 291] [668, 688] [735, 774] [860, 892] [981, 1000] [1075, 1101] [1104, 1123] [1262, 1288] [1540, 1559] [1863, 1903] [1905, 1938] [1962, 1986] [2137, 2209] [2487, 2506] [2638, 2659] [2703, 2731] [2748, 2767] [2806, 2834] [2837, 2858] [2924, 2956] [2980, 3013] 
src/replication.c                                  1522                 381                 [126, 150] [164, 185] [284, 330] [627, 668] [675, 726] [847, 868] [1009, 1029] [1162, 1210] [1483, 1506] 
src/pubsub.c                                       311                  65                  [244, 266] 
src/redis-cli.c                                    1556                 160                 [30, 59] [61, 83] [99, 118] [151, 187] [213, 238] [240, 284] [317, 338] [346, 372] [412, 431] [433, 505] [538, 598] [600, 622] [638, 666] [670, 737] [739, 808] [810, 830] [832, 882] [964, 1005] [1023, 1048] [1079, 1105] [1215, 1260] [1281, 1329] [1373, 1407] [1448, 1503] 
src/debug.c                                        922                  131                 [147, 238] [254, 276] [278, 345] [347, 442] [465, 487] [491, 522] [524, 548] [552, 577] [579, 613] [663, 719] [829, 851] 
src/ae_select.c                                    99                   31                  
src/object.c                                       580                  87                  [43, 67] [81, 234] [254, 276] [343, 365] [370, 531] 
src/sha1.c                                         228                  46                  [83, 102] [132, 154] 
src/sha1.h                                         17                   6                   
src/crc64.h                                        8                    0                   
src/solarisfixes.h                                 50                   30                  [30, 49] 
src/dict.c                                         810                  201                 [269, 288] [486, 549] [568, 588] [661, 688] [693, 713] [715, 746] [748, 780] 
src/rdb.h                                          114                  56                  
src/testhelp.h                                     57                   37                  
src/setproctitle.c                                 261                  49                  [97, 126] [146, 208] [218, 256] 
src/rand.c                                         93                   42                  
src/redis.c                                        2948                 604                 [29, 52] [117, 262] [276, 297] [320, 342] [376, 400] [416, 486] [707, 728] [1001, 1022] [1133, 1252] [1254, 1291] [1375, 1414] [1434, 1460] [1463, 1503] [1522, 1551] [1572, 1607] [1770, 1793] [1986, 2010] [2062, 2113] [2129, 2156] [2158, 2219] [2242, 2277] [2279, 2371] [2413, 2444] [2476, 2495] [2614, 2634] [2655, 2720] [2754, 2786] 
src/redis-check-dump.c                             768                  108                 [155, 176] [253, 282] [284, 312] [330, 406] [408, 480] [491, 515] [532, 581] [609, 628] [710, 738] 
src/util.h                                         41                   28                  
src/crc64.c                                        191                  39                  [39, 182] 
src/zmalloc.c                                      351                  55                  [58, 177] [187, 244] [254, 277] [279, 313] 
src/t_set.c                                        913                  189                 [71, 133] [196, 217] [235, 310] [351, 397] [546, 586] [589, 626] [686, 706] [709, 763] 
src/asciilogo.h                                    47                   28                  
src/t_zset.c                                       2205                 282                 [51, 95] [164, 183] [322, 349] [406, 433] [437, 458] [747, 793] [812, 835] [866, 888] [910, 932] [965, 1014] [1020, 1048] [1050, 1100] [1126, 1147] [1195, 1247] [1260, 1294] [1348, 1375] [1377, 1414] [1417, 1447] [1449, 1480] [1547, 1585] [1688, 1737] [1754, 1793] [1795, 1825] [1996, 2026] [2086, 2185] 
src/crc16.c                                        88                   42                  
src/release.c                                      52                   31                  
src/cluster.c                                      2824                 674                 [30, 55] [97, 120] [158, 185] [203, 242] [282, 308] [338, 360] [451, 472] [474, 499] [663, 690] [788, 810] [1018, 1038] [1190, 1211] [1322, 1342] [1979, 2014] [2069, 2093] [2113, 2141] [2187, 2225] [2530, 2564] [2613, 2632] [2685, 2710] 
src/db.c                                           809                  144                 [51, 87] [163, 191] [233, 372] [392, 424] [593, 628] [636, 671] [675, 732] [748, 790] 
src/anet.h                                         60                   29                  
src/dict.h                                         173                  48                  [45, 65] [97, 138] [140, 167] 
src/memtest.c                                      279                  50                  [29, 56] [122, 145] [154, 246] 
src/ziplist.c                                      1534                 278                 [226, 249] [345, 367] [375, 405] [677, 698] [897, 1005] [1007, 1089] [1091, 1354] [1356, 1389] [1391, 1456] [1469, 1488] 
src/pqsort.h                                       40                   31                  
src/rand.h                                         38                   28                  
src/sort.c                                         530                  140                 [306, 329] [344, 364] [448, 467] 
src/ae_evport.c                                    315                  106                 [73, 114] [118, 153] [169, 190] 
src/slowlog.c                                      169                  60                  [65, 86] 
src/notify.c                                       128                  49                  [40, 62] 
src/slowlog.h                                      47                   34                  
src/zmalloc.h                                      85                   31                  [35, 84] 
src/endianconv.c                                   124                  48                  
src/ae.h                                           118                  48                  
src/rio.c                                          198                  75                  
src/config.c                                       1704                 242                 [30, 52] [61, 94] [113, 169] [172, 379] [386, 451] [524, 628] [649, 719] [747, 815] [825, 858] [869, 907] [927, 952] [967, 995] [997, 1050] [1311, 1333] [1413, 1438] [1571, 1645] 
src/aof.c                                          1177                 271                 [131, 152] [273, 293] [314, 346] [368, 387] [510, 532] [561, 582] [603, 657] [660, 704] [707, 773] [780, 803] [806, 831] [850, 870] [1004, 1025] [1152, 1173] 
src/redis.h                                        1496                 591                 [29, 53] [101, 121] [469, 488] [494, 522] [932, 952] [1022, 1073] [1102, 1138] [1198, 1222] [1274, 1297] [1333, 1477] 
src/bitops.c                                       412                  81                  [68, 89] [162, 187] [271, 322] [324, 345] 
src/scripting.c                                    1020                 239                 [29, 48] [67, 160] [371, 409] [411, 435] [441, 471] [497, 521] [551, 570] [647, 677] [681, 706] [708, 727] [750, 773] 
src/redis-check-aof.c                              218                  31                  [30, 87] [89, 132] 
src/lzfP.h                                         159                  85                  
src/lzf_c.c                                        295                  81                  [69, 88] [175, 210] [226, 261] 
src/adlist.c                                       341                  98                  [80, 99] [106, 154] [242, 275] [285, 307] 
src/intset.h                                       50                   30                  [30, 49] 
src/t_list.c                                       1149                 211                 [55, 91] [93, 123] [150, 176] [178, 209] [212, 232] [254, 279] [296, 345] [375, 540] [577, 601] [620, 659] [661, 681] [1036, 1056] [1111, 1131] 
src/bio.c                                          220                  94                  [116, 144] 
src/help.h                                         759                  1                   
src/sds.h                                          99                   30                  [30, 92] 
src/anet.c                                         441                  53                  [30, 63] [115, 191] [194, 285] [303, 322] 
src/t_string.c                                     459                  70                  [67, 92] [94, 186] [218, 257] [267, 298] [301, 404] 
src/ziplist.h                                      46                   29                  
